site_id,bit_index,result,exit_code,stdout,stderr,dump
1,11,MASKED,0,/home/mdunlavy/GPU_FI/HeCBench/results/llvm17_inject/randomAccess/float/site1_bit11.out,/home/mdunlavy/GPU_FI/HeCBench/results/llvm17_inject/randomAccess/float/site1_bit11.err,
1,51,MASKED,0,/home/mdunlavy/GPU_FI/HeCBench/results/llvm17_inject/randomAccess/float/site1_bit51.out,/home/mdunlavy/GPU_FI/HeCBench/results/llvm17_inject/randomAccess/float/site1_bit51.err,
2,27,SDC,0,/home/mdunlavy/GPU_FI/HeCBench/results/llvm17_inject/randomAccess/float/site2_bit27.out,/home/mdunlavy/GPU_FI/HeCBench/results/llvm17_inject/randomAccess/float/site2_bit27.err,
3,35,MASKED,0,/home/mdunlavy/GPU_FI/HeCBench/results/llvm17_inject/randomAccess/float/site3_bit35.out,/home/mdunlavy/GPU_FI/HeCBench/results/llvm17_inject/randomAccess/float/site3_bit35.err,
4,11,MASKED,0,/home/mdunlavy/GPU_FI/HeCBench/results/llvm17_inject/randomAccess/float/site4_bit11.out,/home/mdunlavy/GPU_FI/HeCBench/results/llvm17_inject/randomAccess/float/site4_bit11.err,
4,51,MASKED,0,/home/mdunlavy/GPU_FI/HeCBench/results/llvm17_inject/randomAccess/float/site4_bit51.out,/home/mdunlavy/GPU_FI/HeCBench/results/llvm17_inject/randomAccess/float/site4_bit51.err,
6,26,SDC,0,/home/mdunlavy/GPU_FI/HeCBench/results/llvm17_inject/randomAccess/float/site6_bit26.out,/home/mdunlavy/GPU_FI/HeCBench/results/llvm17_inject/randomAccess/float/site6_bit26.err,
8,2,MASKED,0,/home/mdunlavy/GPU_FI/HeCBench/results/llvm17_inject/randomAccess/float/site8_bit2.out,/home/mdunlavy/GPU_FI/HeCBench/results/llvm17_inject/randomAccess/float/site8_bit2.err,
9,10,SDC,0,/home/mdunlavy/GPU_FI/HeCBench/results/llvm17_inject/randomAccess/float/site9_bit10.out,/home/mdunlavy/GPU_FI/HeCBench/results/llvm17_inject/randomAccess/float/site9_bit10.err,
9,50,SDC,0,/home/mdunlavy/GPU_FI/HeCBench/results/llvm17_inject/randomAccess/float/site9_bit50.out,/home/mdunlavy/GPU_FI/HeCBench/results/llvm17_inject/randomAccess/float/site9_bit50.err,
10,26,FAILURE,1,/home/mdunlavy/GPU_FI/HeCBench/results/llvm17_inject/randomAccess/float/site10_bit26.out,/home/mdunlavy/GPU_FI/HeCBench/results/llvm17_inject/randomAccess/float/site10_bit26.err,
12,1,FAILURE,1,/home/mdunlavy/GPU_FI/HeCBench/results/llvm17_inject/randomAccess/float/site12_bit1.out,/home/mdunlavy/GPU_FI/HeCBench/results/llvm17_inject/randomAccess/float/site12_bit1.err,
13,9,FAILURE,1,/home/mdunlavy/GPU_FI/HeCBench/results/llvm17_inject/randomAccess/float/site13_bit9.out,/home/mdunlavy/GPU_FI/HeCBench/results/llvm17_inject/randomAccess/float/site13_bit9.err,
13,49,FAILURE,1,/home/mdunlavy/GPU_FI/HeCBench/results/llvm17_inject/randomAccess/float/site13_bit49.out,/home/mdunlavy/GPU_FI/HeCBench/results/llvm17_inject/randomAccess/float/site13_bit49.err,
14,25,FAILURE,1,/home/mdunlavy/GPU_FI/HeCBench/results/llvm17_inject/randomAccess/float/site14_bit25.out,/home/mdunlavy/GPU_FI/HeCBench/results/llvm17_inject/randomAccess/float/site14_bit25.err,
15,33,FAILURE,1,/home/mdunlavy/GPU_FI/HeCBench/results/llvm17_inject/randomAccess/float/site15_bit33.out,/home/mdunlavy/GPU_FI/HeCBench/results/llvm17_inject/randomAccess/float/site15_bit33.err,
16,9,FAILURE,1,/home/mdunlavy/GPU_FI/HeCBench/results/llvm17_inject/randomAccess/float/site16_bit9.out,/home/mdunlavy/GPU_FI/HeCBench/results/llvm17_inject/randomAccess/float/site16_bit9.err,
17,17,FAILURE,1,/home/mdunlavy/GPU_FI/HeCBench/results/llvm17_inject/randomAccess/float/site17_bit17.out,/home/mdunlavy/GPU_FI/HeCBench/results/llvm17_inject/randomAccess/float/site17_bit17.err,
18,25,MASKED,0,/home/mdunlavy/GPU_FI/HeCBench/results/llvm17_inject/randomAccess/float/site18_bit25.out,/home/mdunlavy/GPU_FI/HeCBench/results/llvm17_inject/randomAccess/float/site18_bit25.err,
19,1,FAILURE,1,/home/mdunlavy/GPU_FI/HeCBench/results/llvm17_inject/randomAccess/float/site19_bit1.out,/home/mdunlavy/GPU_FI/HeCBench/results/llvm17_inject/randomAccess/float/site19_bit1.err,
19,41,FAILURE,1,/home/mdunlavy/GPU_FI/HeCBench/results/llvm17_inject/randomAccess/float/site19_bit41.out,/home/mdunlavy/GPU_FI/HeCBench/results/llvm17_inject/randomAccess/float/site19_bit41.err,
20,17,MASKED,0,/home/mdunlavy/GPU_FI/HeCBench/results/llvm17_inject/randomAccess/float/site20_bit17.out,/home/mdunlavy/GPU_FI/HeCBench/results/llvm17_inject/randomAccess/float/site20_bit17.err,
20,57,MASKED,0,/home/mdunlavy/GPU_FI/HeCBench/results/llvm17_inject/randomAccess/float/site20_bit57.out,/home/mdunlavy/GPU_FI/HeCBench/results/llvm17_inject/randomAccess/float/site20_bit57.err,
21,33,FAILURE,1,/home/mdunlavy/GPU_FI/HeCBench/results/llvm17_inject/randomAccess/float/site21_bit33.out,/home/mdunlavy/GPU_FI/HeCBench/results/llvm17_inject/randomAccess/float/site21_bit33.err,
23,9,FAILURE,1,/home/mdunlavy/GPU_FI/HeCBench/results/llvm17_inject/randomAccess/float/site23_bit9.out,/home/mdunlavy/GPU_FI/HeCBench/results/llvm17_inject/randomAccess/float/site23_bit9.err,
23,49,FAILURE,1,/home/mdunlavy/GPU_FI/HeCBench/results/llvm17_inject/randomAccess/float/site23_bit49.out,/home/mdunlavy/GPU_FI/HeCBench/results/llvm17_inject/randomAccess/float/site23_bit49.err,
24,25,FAILURE,1,/home/mdunlavy/GPU_FI/HeCBench/results/llvm17_inject/randomAccess/float/site24_bit25.out,/home/mdunlavy/GPU_FI/HeCBench/results/llvm17_inject/randomAccess/float/site24_bit25.err,
25,1,MASKED,0,/home/mdunlavy/GPU_FI/HeCBench/results/llvm17_inject/randomAccess/float/site25_bit1.out,/home/mdunlavy/GPU_FI/HeCBench/results/llvm17_inject/randomAccess/float/site25_bit1.err,
25,41,MASKED,0,/home/mdunlavy/GPU_FI/HeCBench/results/llvm17_inject/randomAccess/float/site25_bit41.out,/home/mdunlavy/GPU_FI/HeCBench/results/llvm17_inject/randomAccess/float/site25_bit41.err,
26,17,FAILURE,1,/home/mdunlavy/GPU_FI/HeCBench/results/llvm17_inject/randomAccess/float/site26_bit17.out,/home/mdunlavy/GPU_FI/HeCBench/results/llvm17_inject/randomAccess/float/site26_bit17.err,
26,57,FAILURE,1,/home/mdunlavy/GPU_FI/HeCBench/results/llvm17_inject/randomAccess/float/site26_bit57.out,/home/mdunlavy/GPU_FI/HeCBench/results/llvm17_inject/randomAccess/float/site26_bit57.err,
43,33,FAILURE,1,/home/mdunlavy/GPU_FI/HeCBench/results/llvm17_inject/randomAccess/float/site43_bit33.out,/home/mdunlavy/GPU_FI/HeCBench/results/llvm17_inject/randomAccess/float/site43_bit33.err,
44,9,FAILURE,1,/home/mdunlavy/GPU_FI/HeCBench/results/llvm17_inject/randomAccess/float/site44_bit9.out,/home/mdunlavy/GPU_FI/HeCBench/results/llvm17_inject/randomAccess/float/site44_bit9.err,
45,17,FAILURE,1,/home/mdunlavy/GPU_FI/HeCBench/results/llvm17_inject/randomAccess/float/site45_bit17.out,/home/mdunlavy/GPU_FI/HeCBench/results/llvm17_inject/randomAccess/float/site45_bit17.err,
45,57,FAILURE,1,/home/mdunlavy/GPU_FI/HeCBench/results/llvm17_inject/randomAccess/float/site45_bit57.out,/home/mdunlavy/GPU_FI/HeCBench/results/llvm17_inject/randomAccess/float/site45_bit57.err,
46,33,FAILURE,1,/home/mdunlavy/GPU_FI/HeCBench/results/llvm17_inject/randomAccess/float/site46_bit33.out,/home/mdunlavy/GPU_FI/HeCBench/results/llvm17_inject/randomAccess/float/site46_bit33.err,
48,8,FAILURE,1,/home/mdunlavy/GPU_FI/HeCBench/results/llvm17_inject/randomAccess/float/site48_bit8.out,/home/mdunlavy/GPU_FI/HeCBench/results/llvm17_inject/randomAccess/float/site48_bit8.err,
48,48,MASKED,0,/home/mdunlavy/GPU_FI/HeCBench/results/llvm17_inject/randomAccess/float/site48_bit48.out,/home/mdunlavy/GPU_FI/HeCBench/results/llvm17_inject/randomAccess/float/site48_bit48.err,
50,24,FAILURE,1,/home/mdunlavy/GPU_FI/HeCBench/results/llvm17_inject/randomAccess/float/site50_bit24.out,/home/mdunlavy/GPU_FI/HeCBench/results/llvm17_inject/randomAccess/float/site50_bit24.err,
51,0,FAILURE,1,/home/mdunlavy/GPU_FI/HeCBench/results/llvm17_inject/randomAccess/float/site51_bit0.out,/home/mdunlavy/GPU_FI/HeCBench/results/llvm17_inject/randomAccess/float/site51_bit0.err,
51,40,FAILURE,1,/home/mdunlavy/GPU_FI/HeCBench/results/llvm17_inject/randomAccess/float/site51_bit40.out,/home/mdunlavy/GPU_FI/HeCBench/results/llvm17_inject/randomAccess/float/site51_bit40.err,
52,16,FAILURE,1,/home/mdunlavy/GPU_FI/HeCBench/results/llvm17_inject/randomAccess/float/site52_bit16.out,/home/mdunlavy/GPU_FI/HeCBench/results/llvm17_inject/randomAccess/float/site52_bit16.err,
52,56,FAILURE,1,/home/mdunlavy/GPU_FI/HeCBench/results/llvm17_inject/randomAccess/float/site52_bit56.out,/home/mdunlavy/GPU_FI/HeCBench/results/llvm17_inject/randomAccess/float/site52_bit56.err,
54,0,FAILURE,1,/home/mdunlavy/GPU_FI/HeCBench/results/llvm17_inject/randomAccess/float/site54_bit0.out,/home/mdunlavy/GPU_FI/HeCBench/results/llvm17_inject/randomAccess/float/site54_bit0.err,
54,40,FAILURE,1,/home/mdunlavy/GPU_FI/HeCBench/results/llvm17_inject/randomAccess/float/site54_bit40.out,/home/mdunlavy/GPU_FI/HeCBench/results/llvm17_inject/randomAccess/float/site54_bit40.err,
55,16,FAILURE,1,/home/mdunlavy/GPU_FI/HeCBench/results/llvm17_inject/randomAccess/float/site55_bit16.out,/home/mdunlavy/GPU_FI/HeCBench/results/llvm17_inject/randomAccess/float/site55_bit16.err,
55,56,FAILURE,1,/home/mdunlavy/GPU_FI/HeCBench/results/llvm17_inject/randomAccess/float/site55_bit56.out,/home/mdunlavy/GPU_FI/HeCBench/results/llvm17_inject/randomAccess/float/site55_bit56.err,
57,32,FAILURE,1,/home/mdunlavy/GPU_FI/HeCBench/results/llvm17_inject/randomAccess/float/site57_bit32.out,/home/mdunlavy/GPU_FI/HeCBench/results/llvm17_inject/randomAccess/float/site57_bit32.err,
58,8,FAILURE,1,/home/mdunlavy/GPU_FI/HeCBench/results/llvm17_inject/randomAccess/float/site58_bit8.out,/home/mdunlavy/GPU_FI/HeCBench/results/llvm17_inject/randomAccess/float/site58_bit8.err,
58,48,FAILURE,1,/home/mdunlavy/GPU_FI/HeCBench/results/llvm17_inject/randomAccess/float/site58_bit48.out,/home/mdunlavy/GPU_FI/HeCBench/results/llvm17_inject/randomAccess/float/site58_bit48.err,
59,24,FAILURE,1,/home/mdunlavy/GPU_FI/HeCBench/results/llvm17_inject/randomAccess/float/site59_bit24.out,/home/mdunlavy/GPU_FI/HeCBench/results/llvm17_inject/randomAccess/float/site59_bit24.err,
60,40,FAILURE,1,/home/mdunlavy/GPU_FI/HeCBench/results/llvm17_inject/randomAccess/float/site60_bit40.out,/home/mdunlavy/GPU_FI/HeCBench/results/llvm17_inject/randomAccess/float/site60_bit40.err,
62,15,SDC,0,/home/mdunlavy/GPU_FI/HeCBench/results/llvm17_inject/randomAccess/float/site62_bit15.out,/home/mdunlavy/GPU_FI/HeCBench/results/llvm17_inject/randomAccess/float/site62_bit15.err,
62,55,MASKED,0,/home/mdunlavy/GPU_FI/HeCBench/results/llvm17_inject/randomAccess/float/site62_bit55.out,/home/mdunlavy/GPU_FI/HeCBench/results/llvm17_inject/randomAccess/float/site62_bit55.err,
63,31,FAILURE,1,/home/mdunlavy/GPU_FI/HeCBench/results/llvm17_inject/randomAccess/float/site63_bit31.out,/home/mdunlavy/GPU_FI/HeCBench/results/llvm17_inject/randomAccess/float/site63_bit31.err,
64,7,FAILURE,1,/home/mdunlavy/GPU_FI/HeCBench/results/llvm17_inject/randomAccess/float/site64_bit7.out,/home/mdunlavy/GPU_FI/HeCBench/results/llvm17_inject/randomAccess/float/site64_bit7.err,
64,47,MASKED,0,/home/mdunlavy/GPU_FI/HeCBench/results/llvm17_inject/randomAccess/float/site64_bit47.out,/home/mdunlavy/GPU_FI/HeCBench/results/llvm17_inject/randomAccess/float/site64_bit47.err,
66,22,FAILURE,1,/home/mdunlavy/GPU_FI/HeCBench/results/llvm17_inject/randomAccess/float/site66_bit22.out,/home/mdunlavy/GPU_FI/HeCBench/results/llvm17_inject/randomAccess/float/site66_bit22.err,
66,62,FAILURE,1,/home/mdunlavy/GPU_FI/HeCBench/results/llvm17_inject/randomAccess/float/site66_bit62.out,/home/mdunlavy/GPU_FI/HeCBench/results/llvm17_inject/randomAccess/float/site66_bit62.err,
67,38,FAILURE,1,/home/mdunlavy/GPU_FI/HeCBench/results/llvm17_inject/randomAccess/float/site67_bit38.out,/home/mdunlavy/GPU_FI/HeCBench/results/llvm17_inject/randomAccess/float/site67_bit38.err,
68,14,FAILURE,1,/home/mdunlavy/GPU_FI/HeCBench/results/llvm17_inject/randomAccess/float/site68_bit14.out,/home/mdunlavy/GPU_FI/HeCBench/results/llvm17_inject/randomAccess/float/site68_bit14.err,
68,54,FAILURE,1,/home/mdunlavy/GPU_FI/HeCBench/results/llvm17_inject/randomAccess/float/site68_bit54.out,/home/mdunlavy/GPU_FI/HeCBench/results/llvm17_inject/randomAccess/float/site68_bit54.err,
69,30,FAILURE,1,/home/mdunlavy/GPU_FI/HeCBench/results/llvm17_inject/randomAccess/float/site69_bit30.out,/home/mdunlavy/GPU_FI/HeCBench/results/llvm17_inject/randomAccess/float/site69_bit30.err,
70,6,MASKED,0,/home/mdunlavy/GPU_FI/HeCBench/results/llvm17_inject/randomAccess/float/site70_bit6.out,/home/mdunlavy/GPU_FI/HeCBench/results/llvm17_inject/randomAccess/float/site70_bit6.err,
70,46,MASKED,0,/home/mdunlavy/GPU_FI/HeCBench/results/llvm17_inject/randomAccess/float/site70_bit46.out,/home/mdunlavy/GPU_FI/HeCBench/results/llvm17_inject/randomAccess/float/site70_bit46.err,
71,22,FAILURE,1,/home/mdunlavy/GPU_FI/HeCBench/results/llvm17_inject/randomAccess/float/site71_bit22.out,/home/mdunlavy/GPU_FI/HeCBench/results/llvm17_inject/randomAccess/float/site71_bit22.err,
71,62,FAILURE,1,/home/mdunlavy/GPU_FI/HeCBench/results/llvm17_inject/randomAccess/float/site71_bit62.out,/home/mdunlavy/GPU_FI/HeCBench/results/llvm17_inject/randomAccess/float/site71_bit62.err,
72,38,MASKED,0,/home/mdunlavy/GPU_FI/HeCBench/results/llvm17_inject/randomAccess/float/site72_bit38.out,/home/mdunlavy/GPU_FI/HeCBench/results/llvm17_inject/randomAccess/float/site72_bit38.err,
73,14,FAILURE,1,/home/mdunlavy/GPU_FI/HeCBench/results/llvm17_inject/randomAccess/float/site73_bit14.out,/home/mdunlavy/GPU_FI/HeCBench/results/llvm17_inject/randomAccess/float/site73_bit14.err,
73,54,FAILURE,1,/home/mdunlavy/GPU_FI/HeCBench/results/llvm17_inject/randomAccess/float/site73_bit54.out,/home/mdunlavy/GPU_FI/HeCBench/results/llvm17_inject/randomAccess/float/site73_bit54.err,
75,30,FAILURE,1,/home/mdunlavy/GPU_FI/HeCBench/results/llvm17_inject/randomAccess/float/site75_bit30.out,/home/mdunlavy/GPU_FI/HeCBench/results/llvm17_inject/randomAccess/float/site75_bit30.err,
76,6,FAILURE,1,/home/mdunlavy/GPU_FI/HeCBench/results/llvm17_inject/randomAccess/float/site76_bit6.out,/home/mdunlavy/GPU_FI/HeCBench/results/llvm17_inject/randomAccess/float/site76_bit6.err,
76,46,FAILURE,1,/home/mdunlavy/GPU_FI/HeCBench/results/llvm17_inject/randomAccess/float/site76_bit46.out,/home/mdunlavy/GPU_FI/HeCBench/results/llvm17_inject/randomAccess/float/site76_bit46.err,
77,22,FAILURE,1,/home/mdunlavy/GPU_FI/HeCBench/results/llvm17_inject/randomAccess/float/site77_bit22.out,/home/mdunlavy/GPU_FI/HeCBench/results/llvm17_inject/randomAccess/float/site77_bit22.err,
77,62,MASKED,0,/home/mdunlavy/GPU_FI/HeCBench/results/llvm17_inject/randomAccess/float/site77_bit62.out,/home/mdunlavy/GPU_FI/HeCBench/results/llvm17_inject/randomAccess/float/site77_bit62.err,
79,37,FAILURE,1,/home/mdunlavy/GPU_FI/HeCBench/results/llvm17_inject/randomAccess/float/site79_bit37.out,/home/mdunlavy/GPU_FI/HeCBench/results/llvm17_inject/randomAccess/float/site79_bit37.err,
80,13,SDC,0,/home/mdunlavy/GPU_FI/HeCBench/results/llvm17_inject/randomAccess/float/site80_bit13.out,/home/mdunlavy/GPU_FI/HeCBench/results/llvm17_inject/randomAccess/float/site80_bit13.err,
80,53,FAILURE,1,/home/mdunlavy/GPU_FI/HeCBench/results/llvm17_inject/randomAccess/float/site80_bit53.out,/home/mdunlavy/GPU_FI/HeCBench/results/llvm17_inject/randomAccess/float/site80_bit53.err,
81,29,FAILURE,1,/home/mdunlavy/GPU_FI/HeCBench/results/llvm17_inject/randomAccess/float/site81_bit29.out,/home/mdunlavy/GPU_FI/HeCBench/results/llvm17_inject/randomAccess/float/site81_bit29.err,
83,4,MASKED,0,/home/mdunlavy/GPU_FI/HeCBench/results/llvm17_inject/randomAccess/float/site83_bit4.out,/home/mdunlavy/GPU_FI/HeCBench/results/llvm17_inject/randomAccess/float/site83_bit4.err,
83,44,FAILURE,1,/home/mdunlavy/GPU_FI/HeCBench/results/llvm17_inject/randomAccess/float/site83_bit44.out,/home/mdunlavy/GPU_FI/HeCBench/results/llvm17_inject/randomAccess/float/site83_bit44.err,
84,20,MASKED,0,/home/mdunlavy/GPU_FI/HeCBench/results/llvm17_inject/randomAccess/float/site84_bit20.out,/home/mdunlavy/GPU_FI/HeCBench/results/llvm17_inject/randomAccess/float/site84_bit20.err,
84,60,MASKED,0,/home/mdunlavy/GPU_FI/HeCBench/results/llvm17_inject/randomAccess/float/site84_bit60.out,/home/mdunlavy/GPU_FI/HeCBench/results/llvm17_inject/randomAccess/float/site84_bit60.err,
85,36,FAILURE,1,/home/mdunlavy/GPU_FI/HeCBench/results/llvm17_inject/randomAccess/float/site85_bit36.out,/home/mdunlavy/GPU_FI/HeCBench/results/llvm17_inject/randomAccess/float/site85_bit36.err,
87,11,FAILURE,1,/home/mdunlavy/GPU_FI/HeCBench/results/llvm17_inject/randomAccess/float/site87_bit11.out,/home/mdunlavy/GPU_FI/HeCBench/results/llvm17_inject/randomAccess/float/site87_bit11.err,
89,18,FAILURE,1,/home/mdunlavy/GPU_FI/HeCBench/results/llvm17_inject/randomAccess/float/site89_bit18.out,/home/mdunlavy/GPU_FI/HeCBench/results/llvm17_inject/randomAccess/float/site89_bit18.err,
89,58,FAILURE,1,/home/mdunlavy/GPU_FI/HeCBench/results/llvm17_inject/randomAccess/float/site89_bit58.out,/home/mdunlavy/GPU_FI/HeCBench/results/llvm17_inject/randomAccess/float/site89_bit58.err,
91,2,MASKED,0,/home/mdunlavy/GPU_FI/HeCBench/results/llvm17_inject/randomAccess/float/site91_bit2.out,/home/mdunlavy/GPU_FI/HeCBench/results/llvm17_inject/randomAccess/float/site91_bit2.err,
91,42,FAILURE,1,/home/mdunlavy/GPU_FI/HeCBench/results/llvm17_inject/randomAccess/float/site91_bit42.out,/home/mdunlavy/GPU_FI/HeCBench/results/llvm17_inject/randomAccess/float/site91_bit42.err,
92,18,SDC,0,/home/mdunlavy/GPU_FI/HeCBench/results/llvm17_inject/randomAccess/float/site92_bit18.out,/home/mdunlavy/GPU_FI/HeCBench/results/llvm17_inject/randomAccess/float/site92_bit18.err,
92,58,FAILURE,1,/home/mdunlavy/GPU_FI/HeCBench/results/llvm17_inject/randomAccess/float/site92_bit58.out,/home/mdunlavy/GPU_FI/HeCBench/results/llvm17_inject/randomAccess/float/site92_bit58.err,
93,34,FAILURE,1,/home/mdunlavy/GPU_FI/HeCBench/results/llvm17_inject/randomAccess/float/site93_bit34.out,/home/mdunlavy/GPU_FI/HeCBench/results/llvm17_inject/randomAccess/float/site93_bit34.err,
94,10,FAILURE,1,/home/mdunlavy/GPU_FI/HeCBench/results/llvm17_inject/randomAccess/float/site94_bit10.out,/home/mdunlavy/GPU_FI/HeCBench/results/llvm17_inject/randomAccess/float/site94_bit10.err,
94,50,FAILURE,1,/home/mdunlavy/GPU_FI/HeCBench/results/llvm17_inject/randomAccess/float/site94_bit50.out,/home/mdunlavy/GPU_FI/HeCBench/results/llvm17_inject/randomAccess/float/site94_bit50.err,
96,25,MASKED,0,/home/mdunlavy/GPU_FI/HeCBench/results/llvm17_inject/randomAccess/float/site96_bit25.out,/home/mdunlavy/GPU_FI/HeCBench/results/llvm17_inject/randomAccess/float/site96_bit25.err,
97,1,FAILURE,1,/home/mdunlavy/GPU_FI/HeCBench/results/llvm17_inject/randomAccess/float/site97_bit1.out,/home/mdunlavy/GPU_FI/HeCBench/results/llvm17_inject/randomAccess/float/site97_bit1.err,
97,41,FAILURE,1,/home/mdunlavy/GPU_FI/HeCBench/results/llvm17_inject/randomAccess/float/site97_bit41.out,/home/mdunlavy/GPU_FI/HeCBench/results/llvm17_inject/randomAccess/float/site97_bit41.err,
98,17,MASKED,0,/home/mdunlavy/GPU_FI/HeCBench/results/llvm17_inject/randomAccess/float/site98_bit17.out,/home/mdunlavy/GPU_FI/HeCBench/results/llvm17_inject/randomAccess/float/site98_bit17.err,
98,57,FAILURE,1,/home/mdunlavy/GPU_FI/HeCBench/results/llvm17_inject/randomAccess/float/site98_bit57.out,/home/mdunlavy/GPU_FI/HeCBench/results/llvm17_inject/randomAccess/float/site98_bit57.err,
99,33,FAILURE,1,/home/mdunlavy/GPU_FI/HeCBench/results/llvm17_inject/randomAccess/float/site99_bit33.out,/home/mdunlavy/GPU_FI/HeCBench/results/llvm17_inject/randomAccess/float/site99_bit33.err,
100,9,SDC,0,/home/mdunlavy/GPU_FI/HeCBench/results/llvm17_inject/randomAccess/float/site100_bit9.out,/home/mdunlavy/GPU_FI/HeCBench/results/llvm17_inject/randomAccess/float/site100_bit9.err,
1,27,MASKED,0,/home/mdunlavy/GPU_FI/HeCBench/results/llvm17_inject/randomAccess/float/site1_bit27.out,/home/mdunlavy/GPU_FI/HeCBench/results/llvm17_inject/randomAccess/float/site1_bit27.err,,,,,,,,,,,,,,,
2,5,SDC,0,/home/mdunlavy/GPU_FI/HeCBench/results/llvm17_inject/randomAccess/float/site2_bit5.out,/home/mdunlavy/GPU_FI/HeCBench/results/llvm17_inject/randomAccess/float/site2_bit5.err,,,,,,,,,,,,,4,4,536870920
3,13,MASKED,0,/home/mdunlavy/GPU_FI/HeCBench/results/llvm17_inject/randomAccess/float/site3_bit13.out,/home/mdunlavy/GPU_FI/HeCBench/results/llvm17_inject/randomAccess/float/site3_bit13.err,,,,,,,,,,,,,,,
3,53,MASKED,0,/home/mdunlavy/GPU_FI/HeCBench/results/llvm17_inject/randomAccess/float/site3_bit53.out,/home/mdunlavy/GPU_FI/HeCBench/results/llvm17_inject/randomAccess/float/site3_bit53.err,,,,,,,,,,,,,,,
4,29,MASKED,0,/home/mdunlavy/GPU_FI/HeCBench/results/llvm17_inject/randomAccess/float/site4_bit29.out,/home/mdunlavy/GPU_FI/HeCBench/results/llvm17_inject/randomAccess/float/site4_bit29.err,,,,,,,,,,,,,,,
6,6,SDC,0,/home/mdunlavy/GPU_FI/HeCBench/results/llvm17_inject/randomAccess/float/site6_bit6.out,/home/mdunlavy/GPU_FI/HeCBench/results/llvm17_inject/randomAccess/float/site6_bit6.err,,,,,,,,,,,,,8,8,536870920
6,46,SDC,0,/home/mdunlavy/GPU_FI/HeCBench/results/llvm17_inject/randomAccess/float/site6_bit46.out,/home/mdunlavy/GPU_FI/HeCBench/results/llvm17_inject/randomAccess/float/site6_bit46.err,,,,,,,,,,,,,8,8,536870920
8,24,MASKED,0,/home/mdunlavy/GPU_FI/HeCBench/results/llvm17_inject/randomAccess/float/site8_bit24.out,/home/mdunlavy/GPU_FI/HeCBench/results/llvm17_inject/randomAccess/float/site8_bit24.err,,,,,,,,,,,,,,,
9,28,SDC,0,/home/mdunlavy/GPU_FI/HeCBench/results/llvm17_inject/randomAccess/float/site9_bit28.out,/home/mdunlavy/GPU_FI/HeCBench/results/llvm17_inject/randomAccess/float/site9_bit28.err,,,,,,,,,,,,,6,5,536870920
10,8,FAILURE,1,/home/mdunlavy/GPU_FI/HeCBench/results/llvm17_inject/randomAccess/float/site10_bit8.out,/home/mdunlavy/GPU_FI/HeCBench/results/llvm17_inject/randomAccess/float/site10_bit8.err,,,,,,,,,,,,,,,
10,53,FAILURE,1,/home/mdunlavy/GPU_FI/HeCBench/results/llvm17_inject/randomAccess/float/site10_bit53.out,/home/mdunlavy/GPU_FI/HeCBench/results/llvm17_inject/randomAccess/float/site10_bit53.err,,,,,,,,,,,,,,,
12,28,FAILURE,1,/home/mdunlavy/GPU_FI/HeCBench/results/llvm17_inject/randomAccess/float/site12_bit28.out,/home/mdunlavy/GPU_FI/HeCBench/results/llvm17_inject/randomAccess/float/site12_bit28.err,,,,,,,,,,,,,,,
13,35,FAILURE,1,/home/mdunlavy/GPU_FI/HeCBench/results/llvm17_inject/randomAccess/float/site13_bit35.out,/home/mdunlavy/GPU_FI/HeCBench/results/llvm17_inject/randomAccess/float/site13_bit35.err,,,,,,,,,,,,,,,
14,14,FAILURE,1,/home/mdunlavy/GPU_FI/HeCBench/results/llvm17_inject/randomAccess/float/site14_bit14.out,/home/mdunlavy/GPU_FI/HeCBench/results/llvm17_inject/randomAccess/float/site14_bit14.err,,,,,,,,,,,,,,,
14,27,FAILURE,1,/home/mdunlavy/GPU_FI/HeCBench/results/llvm17_inject/randomAccess/float/site14_bit27.out,/home/mdunlavy/GPU_FI/HeCBench/results/llvm17_inject/randomAccess/float/site14_bit27.err,,,,,,,,,,,,,,,
15,9,FAILURE,1,/home/mdunlavy/GPU_FI/HeCBench/results/llvm17_inject/randomAccess/float/site15_bit9.out,/home/mdunlavy/GPU_FI/HeCBench/results/llvm17_inject/randomAccess/float/site15_bit9.err,,,,,,,,,,,,,,,
15,27,FAILURE,1,/home/mdunlavy/GPU_FI/HeCBench/results/llvm17_inject/randomAccess/float/site15_bit27.out,/home/mdunlavy/GPU_FI/HeCBench/results/llvm17_inject/randomAccess/float/site15_bit27.err,,,,,,,,,,,,,,,
15,56,FAILURE,1,/home/mdunlavy/GPU_FI/HeCBench/results/llvm17_inject/randomAccess/float/site15_bit56.out,/home/mdunlavy/GPU_FI/HeCBench/results/llvm17_inject/randomAccess/float/site15_bit56.err,,,,,,,,,,,,,,,
16,27,FAILURE,1,/home/mdunlavy/GPU_FI/HeCBench/results/llvm17_inject/randomAccess/float/site16_bit27.out,/home/mdunlavy/GPU_FI/HeCBench/results/llvm17_inject/randomAccess/float/site16_bit27.err,,,,,,,,,,,,,,,
18,3,MASKED,0,/home/mdunlavy/GPU_FI/HeCBench/results/llvm17_inject/randomAccess/float/site18_bit3.out,/home/mdunlavy/GPU_FI/HeCBench/results/llvm17_inject/randomAccess/float/site18_bit3.err,,,,,,,,,,,,,,,
18,43,MASKED,0,/home/mdunlavy/GPU_FI/HeCBench/results/llvm17_inject/randomAccess/float/site18_bit43.out,/home/mdunlavy/GPU_FI/HeCBench/results/llvm17_inject/randomAccess/float/site18_bit43.err,,,,,,,,,,,,,,,
19,19,FAILURE,1,/home/mdunlavy/GPU_FI/HeCBench/results/llvm17_inject/randomAccess/float/site19_bit19.out,/home/mdunlavy/GPU_FI/HeCBench/results/llvm17_inject/randomAccess/float/site19_bit19.err,,,,,,,,,,,,,,,
19,59,FAILURE,1,/home/mdunlavy/GPU_FI/HeCBench/results/llvm17_inject/randomAccess/float/site19_bit59.out,/home/mdunlavy/GPU_FI/HeCBench/results/llvm17_inject/randomAccess/float/site19_bit59.err,,,,,,,,,,,,,,,
20,35,MASKED,0,/home/mdunlavy/GPU_FI/HeCBench/results/llvm17_inject/randomAccess/float/site20_bit35.out,/home/mdunlavy/GPU_FI/HeCBench/results/llvm17_inject/randomAccess/float/site20_bit35.err,,,,,,,,,,,,,,,
21,11,FAILURE,1,/home/mdunlavy/GPU_FI/HeCBench/results/llvm17_inject/randomAccess/float/site21_bit11.out,/home/mdunlavy/GPU_FI/HeCBench/results/llvm17_inject/randomAccess/float/site21_bit11.err,,,,,,,,,,,,,,,
21,51,FAILURE,1,/home/mdunlavy/GPU_FI/HeCBench/results/llvm17_inject/randomAccess/float/site21_bit51.out,/home/mdunlavy/GPU_FI/HeCBench/results/llvm17_inject/randomAccess/float/site21_bit51.err,,,,,,,,,,,,,,,
23,27,FAILURE,1,/home/mdunlavy/GPU_FI/HeCBench/results/llvm17_inject/randomAccess/float/site23_bit27.out,/home/mdunlavy/GPU_FI/HeCBench/results/llvm17_inject/randomAccess/float/site23_bit27.err,,,,,,,,,,,,,,,
24,3,FAILURE,1,/home/mdunlavy/GPU_FI/HeCBench/results/llvm17_inject/randomAccess/float/site24_bit3.out,/home/mdunlavy/GPU_FI/HeCBench/results/llvm17_inject/randomAccess/float/site24_bit3.err,,,,,,,,,,,,,,,
24,43,FAILURE,1,/home/mdunlavy/GPU_FI/HeCBench/results/llvm17_inject/randomAccess/float/site24_bit43.out,/home/mdunlavy/GPU_FI/HeCBench/results/llvm17_inject/randomAccess/float/site24_bit43.err,,,,,,,,,,,,,,,
25,19,MASKED,0,/home/mdunlavy/GPU_FI/HeCBench/results/llvm17_inject/randomAccess/float/site25_bit19.out,/home/mdunlavy/GPU_FI/HeCBench/results/llvm17_inject/randomAccess/float/site25_bit19.err,,,,,,,,,,,,,,,
25,59,MASKED,0,/home/mdunlavy/GPU_FI/HeCBench/results/llvm17_inject/randomAccess/float/site25_bit59.out,/home/mdunlavy/GPU_FI/HeCBench/results/llvm17_inject/randomAccess/float/site25_bit59.err,,,,,,,,,,,,,,,
26,35,FAILURE,1,/home/mdunlavy/GPU_FI/HeCBench/results/llvm17_inject/randomAccess/float/site26_bit35.out,/home/mdunlavy/GPU_FI/HeCBench/results/llvm17_inject/randomAccess/float/site26_bit35.err,,,,,,,,,,,,,,,
43,1,FAILURE,1,/home/mdunlavy/GPU_FI/HeCBench/results/llvm17_inject/randomAccess/float/site43_bit1.out,/home/mdunlavy/GPU_FI/HeCBench/results/llvm17_inject/randomAccess/float/site43_bit1.err,,,,,,,,,,,,,,,
43,37,FAILURE,1,/home/mdunlavy/GPU_FI/HeCBench/results/llvm17_inject/randomAccess/float/site43_bit37.out,/home/mdunlavy/GPU_FI/HeCBench/results/llvm17_inject/randomAccess/float/site43_bit37.err,,,,,,,,,,,,,,,
44,14,FAILURE,1,/home/mdunlavy/GPU_FI/HeCBench/results/llvm17_inject/randomAccess/float/site44_bit14.out,/home/mdunlavy/GPU_FI/HeCBench/results/llvm17_inject/randomAccess/float/site44_bit14.err,,,,,,,,,,,,,,,
45,21,FAILURE,1,/home/mdunlavy/GPU_FI/HeCBench/results/llvm17_inject/randomAccess/float/site45_bit21.out,/home/mdunlavy/GPU_FI/HeCBench/results/llvm17_inject/randomAccess/float/site45_bit21.err,,,,,,,,,,,,,,,
45,58,FAILURE,1,/home/mdunlavy/GPU_FI/HeCBench/results/llvm17_inject/randomAccess/float/site45_bit58.out,/home/mdunlavy/GPU_FI/HeCBench/results/llvm17_inject/randomAccess/float/site45_bit58.err,,,,,,,,,,,,,,,
46,33,FAILURE,1,/home/mdunlavy/GPU_FI/HeCBench/results/llvm17_inject/randomAccess/float/site46_bit33.out,/home/mdunlavy/GPU_FI/HeCBench/results/llvm17_inject/randomAccess/float/site46_bit33.err,,,,,,,,,,,,,,,
48,7,FAILURE,1,/home/mdunlavy/GPU_FI/HeCBench/results/llvm17_inject/randomAccess/float/site48_bit7.out,/home/mdunlavy/GPU_FI/HeCBench/results/llvm17_inject/randomAccess/float/site48_bit7.err,,,,,,,,,,,,,,,
48,43,MASKED,0,/home/mdunlavy/GPU_FI/HeCBench/results/llvm17_inject/randomAccess/float/site48_bit43.out,/home/mdunlavy/GPU_FI/HeCBench/results/llvm17_inject/randomAccess/float/site48_bit43.err,,,,,,,,,,,,,,,
50,18,FAILURE,1,/home/mdunlavy/GPU_FI/HeCBench/results/llvm17_inject/randomAccess/float/site50_bit18.out,/home/mdunlavy/GPU_FI/HeCBench/results/llvm17_inject/randomAccess/float/site50_bit18.err,,,,,,,,,,,,,,,
50,56,FAILURE,1,/home/mdunlavy/GPU_FI/HeCBench/results/llvm17_inject/randomAccess/float/site50_bit56.out,/home/mdunlavy/GPU_FI/HeCBench/results/llvm17_inject/randomAccess/float/site50_bit56.err,,,,,,,,,,,,,,,
51,29,FAILURE,1,/home/mdunlavy/GPU_FI/HeCBench/results/llvm17_inject/randomAccess/float/site51_bit29.out,/home/mdunlavy/GPU_FI/HeCBench/results/llvm17_inject/randomAccess/float/site51_bit29.err,,,,,,,,,,,,,,,
52,4,FAILURE,1,/home/mdunlavy/GPU_FI/HeCBench/results/llvm17_inject/randomAccess/float/site52_bit4.out,/home/mdunlavy/GPU_FI/HeCBench/results/llvm17_inject/randomAccess/float/site52_bit4.err,,,,,,,,,,,,,,,
54,11,FAILURE,1,/home/mdunlavy/GPU_FI/HeCBench/results/llvm17_inject/randomAccess/float/site54_bit11.out,/home/mdunlavy/GPU_FI/HeCBench/results/llvm17_inject/randomAccess/float/site54_bit11.err,,,,,,,,,,,,,,,
54,52,FAILURE,1,/home/mdunlavy/GPU_FI/HeCBench/results/llvm17_inject/randomAccess/float/site54_bit52.out,/home/mdunlavy/GPU_FI/HeCBench/results/llvm17_inject/randomAccess/float/site54_bit52.err,,,,,,,,,,,,,,,
55,30,FAILURE,1,/home/mdunlavy/GPU_FI/HeCBench/results/llvm17_inject/randomAccess/float/site55_bit30.out,/home/mdunlavy/GPU_FI/HeCBench/results/llvm17_inject/randomAccess/float/site55_bit30.err,,,,,,,,,,,,,,,
57,5,MASKED,0,/home/mdunlavy/GPU_FI/HeCBench/results/llvm17_inject/randomAccess/float/site57_bit5.out,/home/mdunlavy/GPU_FI/HeCBench/results/llvm17_inject/randomAccess/float/site57_bit5.err,,,,,,,,,,,,,,,
57,54,FAILURE,1,/home/mdunlavy/GPU_FI/HeCBench/results/llvm17_inject/randomAccess/float/site57_bit54.out,/home/mdunlavy/GPU_FI/HeCBench/results/llvm17_inject/randomAccess/float/site57_bit54.err,,,,,,,,,,,,,,,
58,23,FAILURE,1,/home/mdunlavy/GPU_FI/HeCBench/results/llvm17_inject/randomAccess/float/site58_bit23.out,/home/mdunlavy/GPU_FI/HeCBench/results/llvm17_inject/randomAccess/float/site58_bit23.err,,,,,,,,,,,,,,,
59,1,FAILURE,1,/home/mdunlavy/GPU_FI/HeCBench/results/llvm17_inject/randomAccess/float/site59_bit1.out,/home/mdunlavy/GPU_FI/HeCBench/results/llvm17_inject/randomAccess/float/site59_bit1.err,,,,,,,,,,,,,,,
59,40,FAILURE,1,/home/mdunlavy/GPU_FI/HeCBench/results/llvm17_inject/randomAccess/float/site59_bit40.out,/home/mdunlavy/GPU_FI/HeCBench/results/llvm17_inject/randomAccess/float/site59_bit40.err,,,,,,,,,,,,,,,
60,14,FAILURE,1,/home/mdunlavy/GPU_FI/HeCBench/results/llvm17_inject/randomAccess/float/site60_bit14.out,/home/mdunlavy/GPU_FI/HeCBench/results/llvm17_inject/randomAccess/float/site60_bit14.err,,,,,,,,,,,,,,,
60,51,FAILURE,1,/home/mdunlavy/GPU_FI/HeCBench/results/llvm17_inject/randomAccess/float/site60_bit51.out,/home/mdunlavy/GPU_FI/HeCBench/results/llvm17_inject/randomAccess/float/site60_bit51.err,,,,,,,,,,,,,,,
62,22,MASKED,0,/home/mdunlavy/GPU_FI/HeCBench/results/llvm17_inject/randomAccess/float/site62_bit22.out,/home/mdunlavy/GPU_FI/HeCBench/results/llvm17_inject/randomAccess/float/site62_bit22.err,,,,,,,,,,,,,,,
62,39,MASKED,0,/home/mdunlavy/GPU_FI/HeCBench/results/llvm17_inject/randomAccess/float/site62_bit39.out,/home/mdunlavy/GPU_FI/HeCBench/results/llvm17_inject/randomAccess/float/site62_bit39.err,,,,,,,,,,,,,,,
63,11,FAILURE,1,/home/mdunlavy/GPU_FI/HeCBench/results/llvm17_inject/randomAccess/float/site63_bit11.out,/home/mdunlavy/GPU_FI/HeCBench/results/llvm17_inject/randomAccess/float/site63_bit11.err,,,,,,,,,,,,,,,
63,46,FAILURE,1,/home/mdunlavy/GPU_FI/HeCBench/results/llvm17_inject/randomAccess/float/site63_bit46.out,/home/mdunlavy/GPU_FI/HeCBench/results/llvm17_inject/randomAccess/float/site63_bit46.err,,,,,,,,,,,,,,,
64,17,FAILURE,1,/home/mdunlavy/GPU_FI/HeCBench/results/llvm17_inject/randomAccess/float/site64_bit17.out,/home/mdunlavy/GPU_FI/HeCBench/results/llvm17_inject/randomAccess/float/site64_bit17.err,,,,,,,,,,,,,,,
64,52,MASKED,0,/home/mdunlavy/GPU_FI/HeCBench/results/llvm17_inject/randomAccess/float/site64_bit52.out,/home/mdunlavy/GPU_FI/HeCBench/results/llvm17_inject/randomAccess/float/site64_bit52.err,,,,,,,,,,,,,,,
66,22,FAILURE,1,/home/mdunlavy/GPU_FI/HeCBench/results/llvm17_inject/randomAccess/float/site66_bit22.out,/home/mdunlavy/GPU_FI/HeCBench/results/llvm17_inject/randomAccess/float/site66_bit22.err,,,,,,,,,,,,,,,
66,58,FAILURE,1,/home/mdunlavy/GPU_FI/HeCBench/results/llvm17_inject/randomAccess/float/site66_bit58.out,/home/mdunlavy/GPU_FI/HeCBench/results/llvm17_inject/randomAccess/float/site66_bit58.err,,,,,,,,,,,,,,,
67,30,FAILURE,1,/home/mdunlavy/GPU_FI/HeCBench/results/llvm17_inject/randomAccess/float/site67_bit30.out,/home/mdunlavy/GPU_FI/HeCBench/results/llvm17_inject/randomAccess/float/site67_bit30.err,,,,,,,,,,,,,,,
68,1,FAILURE,1,/home/mdunlavy/GPU_FI/HeCBench/results/llvm17_inject/randomAccess/float/site68_bit1.out,/home/mdunlavy/GPU_FI/HeCBench/results/llvm17_inject/randomAccess/float/site68_bit1.err,,,,,,,,,,,,,,,
68,36,FAILURE,1,/home/mdunlavy/GPU_FI/HeCBench/results/llvm17_inject/randomAccess/float/site68_bit36.out,/home/mdunlavy/GPU_FI/HeCBench/results/llvm17_inject/randomAccess/float/site68_bit36.err,,,,,,,,,,,,,,,
69,7,FAILURE,1,/home/mdunlavy/GPU_FI/HeCBench/results/llvm17_inject/randomAccess/float/site69_bit7.out,/home/mdunlavy/GPU_FI/HeCBench/results/llvm17_inject/randomAccess/float/site69_bit7.err,,,,,,,,,,,,,,,
69,42,FAILURE,1,/home/mdunlavy/GPU_FI/HeCBench/results/llvm17_inject/randomAccess/float/site69_bit42.out,/home/mdunlavy/GPU_FI/HeCBench/results/llvm17_inject/randomAccess/float/site69_bit42.err,,,,,,,,,,,,,,,
70,14,MASKED,0,/home/mdunlavy/GPU_FI/HeCBench/results/llvm17_inject/randomAccess/float/site70_bit14.out,/home/mdunlavy/GPU_FI/HeCBench/results/llvm17_inject/randomAccess/float/site70_bit14.err,,,,,,,,,,,,,,,
70,49,MASKED,0,/home/mdunlavy/GPU_FI/HeCBench/results/llvm17_inject/randomAccess/float/site70_bit49.out,/home/mdunlavy/GPU_FI/HeCBench/results/llvm17_inject/randomAccess/float/site70_bit49.err,,,,,,,,,,,,,,,
71,18,FAILURE,1,/home/mdunlavy/GPU_FI/HeCBench/results/llvm17_inject/randomAccess/float/site71_bit18.out,/home/mdunlavy/GPU_FI/HeCBench/results/llvm17_inject/randomAccess/float/site71_bit18.err,,,,,,,,,,,,,,,
71,53,FAILURE,1,/home/mdunlavy/GPU_FI/HeCBench/results/llvm17_inject/randomAccess/float/site71_bit53.out,/home/mdunlavy/GPU_FI/HeCBench/results/llvm17_inject/randomAccess/float/site71_bit53.err,,,,,,,,,,,,,,,
72,22,MASKED,0,/home/mdunlavy/GPU_FI/HeCBench/results/llvm17_inject/randomAccess/float/site72_bit22.out,/home/mdunlavy/GPU_FI/HeCBench/results/llvm17_inject/randomAccess/float/site72_bit22.err,,,,,,,,,,,,,,,
72,57,MASKED,0,/home/mdunlavy/GPU_FI/HeCBench/results/llvm17_inject/randomAccess/float/site72_bit57.out,/home/mdunlavy/GPU_FI/HeCBench/results/llvm17_inject/randomAccess/float/site72_bit57.err,,,,,,,,,,,,,,,
73,29,FAILURE,1,/home/mdunlavy/GPU_FI/HeCBench/results/llvm17_inject/randomAccess/float/site73_bit29.out,/home/mdunlavy/GPU_FI/HeCBench/results/llvm17_inject/randomAccess/float/site73_bit29.err,,,,,,,,,,,,,,,
75,0,FAILURE,1,/home/mdunlavy/GPU_FI/HeCBench/results/llvm17_inject/randomAccess/float/site75_bit0.out,/home/mdunlavy/GPU_FI/HeCBench/results/llvm17_inject/randomAccess/float/site75_bit0.err,,,,,,,,,,,,,,,
75,35,FAILURE,1,/home/mdunlavy/GPU_FI/HeCBench/results/llvm17_inject/randomAccess/float/site75_bit35.out,/home/mdunlavy/GPU_FI/HeCBench/results/llvm17_inject/randomAccess/float/site75_bit35.err,,,,,,,,,,,,,,,
76,7,FAILURE,1,/home/mdunlavy/GPU_FI/HeCBench/results/llvm17_inject/randomAccess/float/site76_bit7.out,/home/mdunlavy/GPU_FI/HeCBench/results/llvm17_inject/randomAccess/float/site76_bit7.err,,,,,,,,,,,,,,,
76,42,FAILURE,1,/home/mdunlavy/GPU_FI/HeCBench/results/llvm17_inject/randomAccess/float/site76_bit42.out,/home/mdunlavy/GPU_FI/HeCBench/results/llvm17_inject/randomAccess/float/site76_bit42.err,,,,,,,,,,,,,,,
77,13,MASKED,0,/home/mdunlavy/GPU_FI/HeCBench/results/llvm17_inject/randomAccess/float/site77_bit13.out,/home/mdunlavy/GPU_FI/HeCBench/results/llvm17_inject/randomAccess/float/site77_bit13.err,,,,,,,,,,,,,,,
77,48,MASKED,0,/home/mdunlavy/GPU_FI/HeCBench/results/llvm17_inject/randomAccess/float/site77_bit48.out,/home/mdunlavy/GPU_FI/HeCBench/results/llvm17_inject/randomAccess/float/site77_bit48.err,,,,,,,,,,,,,,,
79,18,MASKED,0,/home/mdunlavy/GPU_FI/HeCBench/results/llvm17_inject/randomAccess/float/site79_bit18.out,/home/mdunlavy/GPU_FI/HeCBench/results/llvm17_inject/randomAccess/float/site79_bit18.err,,,,,,,,,,,,,,,
79,45,FAILURE,1,/home/mdunlavy/GPU_FI/HeCBench/results/llvm17_inject/randomAccess/float/site79_bit45.out,/home/mdunlavy/GPU_FI/HeCBench/results/llvm17_inject/randomAccess/float/site79_bit45.err,,,,,,,,,,,,,,,
80,16,SDC,0,/home/mdunlavy/GPU_FI/HeCBench/results/llvm17_inject/randomAccess/float/site80_bit16.out,/home/mdunlavy/GPU_FI/HeCBench/results/llvm17_inject/randomAccess/float/site80_bit16.err,,,,,,,,,,,,,524288,130560,536870920
81,10,MASKED,0,/home/mdunlavy/GPU_FI/HeCBench/results/llvm17_inject/randomAccess/float/site81_bit10.out,/home/mdunlavy/GPU_FI/HeCBench/results/llvm17_inject/randomAccess/float/site81_bit10.err,,,,,,,,,,,,,,,
81,45,FAILURE,1,/home/mdunlavy/GPU_FI/HeCBench/results/llvm17_inject/randomAccess/float/site81_bit45.out,/home/mdunlavy/GPU_FI/HeCBench/results/llvm17_inject/randomAccess/float/site81_bit45.err,,,,,,,,,,,,,,,
83,15,MASKED,0,/home/mdunlavy/GPU_FI/HeCBench/results/llvm17_inject/randomAccess/float/site83_bit15.out,/home/mdunlavy/GPU_FI/HeCBench/results/llvm17_inject/randomAccess/float/site83_bit15.err,,,,,,,,,,,,,,,
83,50,FAILURE,1,/home/mdunlavy/GPU_FI/HeCBench/results/llvm17_inject/randomAccess/float/site83_bit50.out,/home/mdunlavy/GPU_FI/HeCBench/results/llvm17_inject/randomAccess/float/site83_bit50.err,,,,,,,,,,,,,,,
84,21,MASKED,0,/home/mdunlavy/GPU_FI/HeCBench/results/llvm17_inject/randomAccess/float/site84_bit21.out,/home/mdunlavy/GPU_FI/HeCBench/results/llvm17_inject/randomAccess/float/site84_bit21.err,,,,,,,,,,,,,,,
84,56,MASKED,0,/home/mdunlavy/GPU_FI/HeCBench/results/llvm17_inject/randomAccess/float/site84_bit56.out,/home/mdunlavy/GPU_FI/HeCBench/results/llvm17_inject/randomAccess/float/site84_bit56.err,,,,,,,,,,,,,,,
85,27,FAILURE,1,/home/mdunlavy/GPU_FI/HeCBench/results/llvm17_inject/randomAccess/float/site85_bit27.out,/home/mdunlavy/GPU_FI/HeCBench/results/llvm17_inject/randomAccess/float/site85_bit27.err,,,,,,,,,,,,,,,
85,62,FAILURE,1,/home/mdunlavy/GPU_FI/HeCBench/results/llvm17_inject/randomAccess/float/site85_bit62.out,/home/mdunlavy/GPU_FI/HeCBench/results/llvm17_inject/randomAccess/float/site85_bit62.err,,,,,,,,,,,,,,,
88,0,FAILURE,1,/home/mdunlavy/GPU_FI/HeCBench/results/llvm17_inject/randomAccess/float/site88_bit0.out,/home/mdunlavy/GPU_FI/HeCBench/results/llvm17_inject/randomAccess/float/site88_bit0.err,,,,,,,,,,,,,,,
89,34,FAILURE,1,/home/mdunlavy/GPU_FI/HeCBench/results/llvm17_inject/randomAccess/float/site89_bit34.out,/home/mdunlavy/GPU_FI/HeCBench/results/llvm17_inject/randomAccess/float/site89_bit34.err,,,,,,,,,,,,,,,
89,46,FAILURE,1,/home/mdunlavy/GPU_FI/HeCBench/results/llvm17_inject/randomAccess/float/site89_bit46.out,/home/mdunlavy/GPU_FI/HeCBench/results/llvm17_inject/randomAccess/float/site89_bit46.err,,,,,,,,,,,,,,,
90,10,FAILURE,1,/home/mdunlavy/GPU_FI/HeCBench/results/llvm17_inject/randomAccess/float/site90_bit10.out,/home/mdunlavy/GPU_FI/HeCBench/results/llvm17_inject/randomAccess/float/site90_bit10.err,,,,,,,,,,,,,,,
91,13,SDC,0,/home/mdunlavy/GPU_FI/HeCBench/results/llvm17_inject/randomAccess/float/site91_bit13.out,/home/mdunlavy/GPU_FI/HeCBench/results/llvm17_inject/randomAccess/float/site91_bit13.err,,,,,,,,,,,,,1802816,462942,536870920
92,2,MASKED,0,/home/mdunlavy/GPU_FI/HeCBench/results/llvm17_inject/randomAccess/float/site92_bit2.out,/home/mdunlavy/GPU_FI/HeCBench/results/llvm17_inject/randomAccess/float/site92_bit2.err,,,,,,,,,,,,,,,
92,37,FAILURE,1,/home/mdunlavy/GPU_FI/HeCBench/results/llvm17_inject/randomAccess/float/site92_bit37.out,/home/mdunlavy/GPU_FI/HeCBench/results/llvm17_inject/randomAccess/float/site92_bit37.err,,,,,,,,,,,,,,,
93,0,SDC,0,/home/mdunlavy/GPU_FI/HeCBench/results/llvm17_inject/randomAccess/float/site93_bit0.out,/home/mdunlavy/GPU_FI/HeCBench/results/llvm17_inject/randomAccess/float/site93_bit0.err,,,,,,,,,,,,,3636,1090,536870920
93,46,FAILURE,1,/home/mdunlavy/GPU_FI/HeCBench/results/llvm17_inject/randomAccess/float/site93_bit46.out,/home/mdunlavy/GPU_FI/HeCBench/results/llvm17_inject/randomAccess/float/site93_bit46.err,,,,,,,,,,,,,,,
94,17,FAILURE,1,/home/mdunlavy/GPU_FI/HeCBench/results/llvm17_inject/randomAccess/float/site94_bit17.out,/home/mdunlavy/GPU_FI/HeCBench/results/llvm17_inject/randomAccess/float/site94_bit17.err,,,,,,,,,,,,,,,
94,52,FAILURE,1,/home/mdunlavy/GPU_FI/HeCBench/results/llvm17_inject/randomAccess/float/site94_bit52.out,/home/mdunlavy/GPU_FI/HeCBench/results/llvm17_inject/randomAccess/float/site94_bit52.err,,,,,,,,,,,,,,,
96,22,MASKED,0,/home/mdunlavy/GPU_FI/HeCBench/results/llvm17_inject/randomAccess/float/site96_bit22.out,/home/mdunlavy/GPU_FI/HeCBench/results/llvm17_inject/randomAccess/float/site96_bit22.err,,,,,,,,,,,,,,,
96,43,FAILURE,1,/home/mdunlavy/GPU_FI/HeCBench/results/llvm17_inject/randomAccess/float/site96_bit43.out,/home/mdunlavy/GPU_FI/HeCBench/results/llvm17_inject/randomAccess/float/site96_bit43.err,,,,,,,,,,,,,,,
97,16,FAILURE,1,/home/mdunlavy/GPU_FI/HeCBench/results/llvm17_inject/randomAccess/float/site97_bit16.out,/home/mdunlavy/GPU_FI/HeCBench/results/llvm17_inject/randomAccess/float/site97_bit16.err,,,,,,,,,,,,,,,
97,56,FAILURE,1,/home/mdunlavy/GPU_FI/HeCBench/results/llvm17_inject/randomAccess/float/site97_bit56.out,/home/mdunlavy/GPU_FI/HeCBench/results/llvm17_inject/randomAccess/float/site97_bit56.err,,,,,,,,,,,,,,,
98,26,FAILURE,1,/home/mdunlavy/GPU_FI/HeCBench/results/llvm17_inject/randomAccess/float/site98_bit26.out,/home/mdunlavy/GPU_FI/HeCBench/results/llvm17_inject/randomAccess/float/site98_bit26.err,,,,,,,,,,,,,,,
98,42,FAILURE,1,/home/mdunlavy/GPU_FI/HeCBench/results/llvm17_inject/randomAccess/float/site98_bit42.out,/home/mdunlavy/GPU_FI/HeCBench/results/llvm17_inject/randomAccess/float/site98_bit42.err,,,,,,,,,,,,,,,
99,0,MASKED,0,/home/mdunlavy/GPU_FI/HeCBench/results/llvm17_inject/randomAccess/float/site99_bit0.out,/home/mdunlavy/GPU_FI/HeCBench/results/llvm17_inject/randomAccess/float/site99_bit0.err,,,,,,,,,,,,,,,
1,8,MASKED,0,/home/mdunlavy/GPU_FI/HeCBench/results/llvm17_inject/randomAccess/float/site1_bit8.out,/home/mdunlavy/GPU_FI/HeCBench/results/llvm17_inject/randomAccess/float/site1_bit8.err,,,,,,,,,,,,,,,
3,12,MASKED,0,/home/mdunlavy/GPU_FI/HeCBench/results/llvm17_inject/randomAccess/float/site3_bit12.out,/home/mdunlavy/GPU_FI/HeCBench/results/llvm17_inject/randomAccess/float/site3_bit12.err,,,,,,,,,,,,,,,
4,17,MASKED,0,/home/mdunlavy/GPU_FI/HeCBench/results/llvm17_inject/randomAccess/float/site4_bit17.out,/home/mdunlavy/GPU_FI/HeCBench/results/llvm17_inject/randomAccess/float/site4_bit17.err,,,,,,,,,,,,,,,
6,52,SDC,0,/home/mdunlavy/GPU_FI/HeCBench/results/llvm17_inject/randomAccess/float/site6_bit52.out,/home/mdunlavy/GPU_FI/HeCBench/results/llvm17_inject/randomAccess/float/site6_bit52.err,,,,,,,,,,,,,8,8,536870920
10,24,FAILURE,1,/home/mdunlavy/GPU_FI/HeCBench/results/llvm17_inject/randomAccess/float/site10_bit24.out,/home/mdunlavy/GPU_FI/HeCBench/results/llvm17_inject/randomAccess/float/site10_bit24.err,,,,,,,,,,,,,,,
12,2,FAILURE,1,/home/mdunlavy/GPU_FI/HeCBench/results/llvm17_inject/randomAccess/float/site12_bit2.out,/home/mdunlavy/GPU_FI/HeCBench/results/llvm17_inject/randomAccess/float/site12_bit2.err,,,,,,,,,,,,,,,
14,6,FAILURE,1,/home/mdunlavy/GPU_FI/HeCBench/results/llvm17_inject/randomAccess/float/site14_bit6.out,/home/mdunlavy/GPU_FI/HeCBench/results/llvm17_inject/randomAccess/float/site14_bit6.err,,,,,,,,,,,,,,,
15,9,FAILURE,1,/home/mdunlavy/GPU_FI/HeCBench/results/llvm17_inject/randomAccess/float/site15_bit9.out,/home/mdunlavy/GPU_FI/HeCBench/results/llvm17_inject/randomAccess/float/site15_bit9.err,,,,,,,,,,,,,,,
16,16,FAILURE,1,/home/mdunlavy/GPU_FI/HeCBench/results/llvm17_inject/randomAccess/float/site16_bit16.out,/home/mdunlavy/GPU_FI/HeCBench/results/llvm17_inject/randomAccess/float/site16_bit16.err,,,,,,,,,,,,,,,
18,52,MASKED,0,/home/mdunlavy/GPU_FI/HeCBench/results/llvm17_inject/randomAccess/float/site18_bit52.out,/home/mdunlavy/GPU_FI/HeCBench/results/llvm17_inject/randomAccess/float/site18_bit52.err,,,,,,,,,,,,,,,
20,22,MASKED,0,/home/mdunlavy/GPU_FI/HeCBench/results/llvm17_inject/randomAccess/float/site20_bit22.out,/home/mdunlavy/GPU_FI/HeCBench/results/llvm17_inject/randomAccess/float/site20_bit22.err,,,,,,,,,,,,,,,
21,56,FAILURE,1,/home/mdunlavy/GPU_FI/HeCBench/results/llvm17_inject/randomAccess/float/site21_bit56.out,/home/mdunlavy/GPU_FI/HeCBench/results/llvm17_inject/randomAccess/float/site21_bit56.err,,,,,,,,,,,,,,,
24,27,FAILURE,1,/home/mdunlavy/GPU_FI/HeCBench/results/llvm17_inject/randomAccess/float/site24_bit27.out,/home/mdunlavy/GPU_FI/HeCBench/results/llvm17_inject/randomAccess/float/site24_bit27.err,,,,,,,,,,,,,,,
25,63,FAILURE,1,/home/mdunlavy/GPU_FI/HeCBench/results/llvm17_inject/randomAccess/float/site25_bit63.out,/home/mdunlavy/GPU_FI/HeCBench/results/llvm17_inject/randomAccess/float/site25_bit63.err,,,,,,,,,,,,,,,
43,30,FAILURE,1,/home/mdunlavy/GPU_FI/HeCBench/results/llvm17_inject/randomAccess/float/site43_bit30.out,/home/mdunlavy/GPU_FI/HeCBench/results/llvm17_inject/randomAccess/float/site43_bit30.err,,,,,,,,,,,,,,,
45,33,FAILURE,1,/home/mdunlavy/GPU_FI/HeCBench/results/llvm17_inject/randomAccess/float/site45_bit33.out,/home/mdunlavy/GPU_FI/HeCBench/results/llvm17_inject/randomAccess/float/site45_bit33.err,,,,,,,,,,,,,,,
48,2,FAILURE,1,/home/mdunlavy/GPU_FI/HeCBench/results/llvm17_inject/randomAccess/float/site48_bit2.out,/home/mdunlavy/GPU_FI/HeCBench/results/llvm17_inject/randomAccess/float/site48_bit2.err,,,,,,,,,,,,,,,
50,35,FAILURE,1,/home/mdunlavy/GPU_FI/HeCBench/results/llvm17_inject/randomAccess/float/site50_bit35.out,/home/mdunlavy/GPU_FI/HeCBench/results/llvm17_inject/randomAccess/float/site50_bit35.err,,,,,,,,,,,,,,,
52,4,FAILURE,1,/home/mdunlavy/GPU_FI/HeCBench/results/llvm17_inject/randomAccess/float/site52_bit4.out,/home/mdunlavy/GPU_FI/HeCBench/results/llvm17_inject/randomAccess/float/site52_bit4.err,,,,,,,,,,,,,,,
55,23,FAILURE,1,/home/mdunlavy/GPU_FI/HeCBench/results/llvm17_inject/randomAccess/float/site55_bit23.out,/home/mdunlavy/GPU_FI/HeCBench/results/llvm17_inject/randomAccess/float/site55_bit23.err,,,,,,,,,,,,,,,
57,55,FAILURE,1,/home/mdunlavy/GPU_FI/HeCBench/results/llvm17_inject/randomAccess/float/site57_bit55.out,/home/mdunlavy/GPU_FI/HeCBench/results/llvm17_inject/randomAccess/float/site57_bit55.err,,,,,,,,,,,,,,,
59,23,FAILURE,1,/home/mdunlavy/GPU_FI/HeCBench/results/llvm17_inject/randomAccess/float/site59_bit23.out,/home/mdunlavy/GPU_FI/HeCBench/results/llvm17_inject/randomAccess/float/site59_bit23.err,,,,,,,,,,,,,,,
60,52,FAILURE,1,/home/mdunlavy/GPU_FI/HeCBench/results/llvm17_inject/randomAccess/float/site60_bit52.out,/home/mdunlavy/GPU_FI/HeCBench/results/llvm17_inject/randomAccess/float/site60_bit52.err,,,,,,,,,,,,,,,
63,18,FAILURE,1,/home/mdunlavy/GPU_FI/HeCBench/results/llvm17_inject/randomAccess/float/site63_bit18.out,/home/mdunlavy/GPU_FI/HeCBench/results/llvm17_inject/randomAccess/float/site63_bit18.err,,,,,,,,,,,,,,,
64,28,FAILURE,1,/home/mdunlavy/GPU_FI/HeCBench/results/llvm17_inject/randomAccess/float/site64_bit28.out,/home/mdunlavy/GPU_FI/HeCBench/results/llvm17_inject/randomAccess/float/site64_bit28.err,,,,,,,,,,,,,,,
66,56,FAILURE,1,/home/mdunlavy/GPU_FI/HeCBench/results/llvm17_inject/randomAccess/float/site66_bit56.out,/home/mdunlavy/GPU_FI/HeCBench/results/llvm17_inject/randomAccess/float/site66_bit56.err,,,,,,,,,,,,,,,
68,22,FAILURE,1,/home/mdunlavy/GPU_FI/HeCBench/results/llvm17_inject/randomAccess/float/site68_bit22.out,/home/mdunlavy/GPU_FI/HeCBench/results/llvm17_inject/randomAccess/float/site68_bit22.err,,,,,,,,,,,,,,,
69,51,FAILURE,1,/home/mdunlavy/GPU_FI/HeCBench/results/llvm17_inject/randomAccess/float/site69_bit51.out,/home/mdunlavy/GPU_FI/HeCBench/results/llvm17_inject/randomAccess/float/site69_bit51.err,,,,,,,,,,,,,,,
71,17,FAILURE,1,/home/mdunlavy/GPU_FI/HeCBench/results/llvm17_inject/randomAccess/float/site71_bit17.out,/home/mdunlavy/GPU_FI/HeCBench/results/llvm17_inject/randomAccess/float/site71_bit17.err,,,,,,,,,,,,,,,
72,47,MASKED,0,/home/mdunlavy/GPU_FI/HeCBench/results/llvm17_inject/randomAccess/float/site72_bit47.out,/home/mdunlavy/GPU_FI/HeCBench/results/llvm17_inject/randomAccess/float/site72_bit47.err,,,,,,,,,,,,,,,
75,13,FAILURE,1,/home/mdunlavy/GPU_FI/HeCBench/results/llvm17_inject/randomAccess/float/site75_bit13.out,/home/mdunlavy/GPU_FI/HeCBench/results/llvm17_inject/randomAccess/float/site75_bit13.err,,,,,,,,,,,,,,,
76,42,FAILURE,1,/home/mdunlavy/GPU_FI/HeCBench/results/llvm17_inject/randomAccess/float/site76_bit42.out,/home/mdunlavy/GPU_FI/HeCBench/results/llvm17_inject/randomAccess/float/site76_bit42.err,,,,,,,,,,,,,,,
79,6,SDC,0,/home/mdunlavy/GPU_FI/HeCBench/results/llvm17_inject/randomAccess/float/site79_bit6.out,/home/mdunlavy/GPU_FI/HeCBench/results/llvm17_inject/randomAccess/float/site79_bit6.err,,,,,,,,,,,,,192,63,536870920
81,33,FAILURE,1,/home/mdunlavy/GPU_FI/HeCBench/results/llvm17_inject/randomAccess/float/site81_bit33.out,/home/mdunlavy/GPU_FI/HeCBench/results/llvm17_inject/randomAccess/float/site81_bit33.err,,,,,,,,,,,,,,,
83,62,FAILURE,1,/home/mdunlavy/GPU_FI/HeCBench/results/llvm17_inject/randomAccess/float/site83_bit62.out,/home/mdunlavy/GPU_FI/HeCBench/results/llvm17_inject/randomAccess/float/site83_bit62.err,,,,,,,,,,,,,,,
85,26,FAILURE,1,/home/mdunlavy/GPU_FI/HeCBench/results/llvm17_inject/randomAccess/float/site85_bit26.out,/home/mdunlavy/GPU_FI/HeCBench/results/llvm17_inject/randomAccess/float/site85_bit26.err,,,,,,,,,,,,,,,
89,18,FAILURE,1,/home/mdunlavy/GPU_FI/HeCBench/results/llvm17_inject/randomAccess/float/site89_bit18.out,/home/mdunlavy/GPU_FI/HeCBench/results/llvm17_inject/randomAccess/float/site89_bit18.err,,,,,,,,,,,,,,,
91,48,FAILURE,1,/home/mdunlavy/GPU_FI/HeCBench/results/llvm17_inject/randomAccess/float/site91_bit48.out,/home/mdunlavy/GPU_FI/HeCBench/results/llvm17_inject/randomAccess/float/site91_bit48.err,,,,,,,,,,,,,,,
92,63,FAILURE,1,/home/mdunlavy/GPU_FI/HeCBench/results/llvm17_inject/randomAccess/float/site92_bit63.out,/home/mdunlavy/GPU_FI/HeCBench/results/llvm17_inject/randomAccess/float/site92_bit63.err,,,,,,,,,,,,,,,
94,11,FAILURE,1,/home/mdunlavy/GPU_FI/HeCBench/results/llvm17_inject/randomAccess/float/site94_bit11.out,/home/mdunlavy/GPU_FI/HeCBench/results/llvm17_inject/randomAccess/float/site94_bit11.err,,,,,,,,,,,,,,,
96,36,FAILURE,1,/home/mdunlavy/GPU_FI/HeCBench/results/llvm17_inject/randomAccess/float/site96_bit36.out,/home/mdunlavy/GPU_FI/HeCBench/results/llvm17_inject/randomAccess/float/site96_bit36.err,,,,,,,,,,,,,,,
97,44,FAILURE,1,/home/mdunlavy/GPU_FI/HeCBench/results/llvm17_inject/randomAccess/float/site97_bit44.out,/home/mdunlavy/GPU_FI/HeCBench/results/llvm17_inject/randomAccess/float/site97_bit44.err,,,,,,,,,,,,,,,
99,31,FAILURE,1,/home/mdunlavy/GPU_FI/HeCBench/results/llvm17_inject/randomAccess/float/site99_bit31.out,/home/mdunlavy/GPU_FI/HeCBench/results/llvm17_inject/randomAccess/float/site99_bit31.err,,,,,,,,,,,,,,,
13,24,FAILURE,1,/home/mdunlavy/GPU_FI/HeCBench/results/llvm17_inject/randomAccess/float/site13_bit24.out,/home/mdunlavy/GPU_FI/HeCBench/results/llvm17_inject/randomAccess/float/site13_bit24.err,,,,,,,,,,,,,,,
21,22,FAILURE,1,/home/mdunlavy/GPU_FI/HeCBench/results/llvm17_inject/randomAccess/float/site21_bit22.out,/home/mdunlavy/GPU_FI/HeCBench/results/llvm17_inject/randomAccess/float/site21_bit22.err,,,,,,,,,,,,,,,
10,0,FAILURE,1,/home/mdunlavy/GPU_FI/HeCBench/results/llvm17_inject/randomAccess/float/site10_bit0.out,/home/mdunlavy/GPU_FI/HeCBench/results/llvm17_inject/randomAccess/float/site10_bit0.err,,,,,,,,,,,,,,,
15,20,FAILURE,1,/home/mdunlavy/GPU_FI/HeCBench/results/llvm17_inject/randomAccess/float/site15_bit20.out,/home/mdunlavy/GPU_FI/HeCBench/results/llvm17_inject/randomAccess/float/site15_bit20.err,,,,,,,,,,,,,,,
17,15,FAILURE,1,/home/mdunlavy/GPU_FI/HeCBench/results/llvm17_inject/randomAccess/float/site17_bit15.out,/home/mdunlavy/GPU_FI/HeCBench/results/llvm17_inject/randomAccess/float/site17_bit15.err,,,,,,,,,,,,,,,
24,45,FAILURE,1,/home/mdunlavy/GPU_FI/HeCBench/results/llvm17_inject/randomAccess/float/site24_bit45.out,/home/mdunlavy/GPU_FI/HeCBench/results/llvm17_inject/randomAccess/float/site24_bit45.err,,,,,,,,,,,,,,,
50,63,FAILURE,1,/home/mdunlavy/GPU_FI/HeCBench/results/llvm17_inject/randomAccess/float/site50_bit63.out,/home/mdunlavy/GPU_FI/HeCBench/results/llvm17_inject/randomAccess/float/site50_bit63.err,,,,,,,,,,,,,,,
58,14,FAILURE,1,/home/mdunlavy/GPU_FI/HeCBench/results/llvm17_inject/randomAccess/float/site58_bit14.out,/home/mdunlavy/GPU_FI/HeCBench/results/llvm17_inject/randomAccess/float/site58_bit14.err,,,,,,,,,,,,,,,
66,29,FAILURE,1,/home/mdunlavy/GPU_FI/HeCBench/results/llvm17_inject/randomAccess/float/site66_bit29.out,/home/mdunlavy/GPU_FI/HeCBench/results/llvm17_inject/randomAccess/float/site66_bit29.err,,,,,,,,,,,,,,,
73,25,FAILURE,1,/home/mdunlavy/GPU_FI/HeCBench/results/llvm17_inject/randomAccess/float/site73_bit25.out,/home/mdunlavy/GPU_FI/HeCBench/results/llvm17_inject/randomAccess/float/site73_bit25.err,,,,,,,,,,,,,,,
80,31,FAILURE,1,/home/mdunlavy/GPU_FI/HeCBench/results/llvm17_inject/randomAccess/float/site80_bit31.out,/home/mdunlavy/GPU_FI/HeCBench/results/llvm17_inject/randomAccess/float/site80_bit31.err,,,,,,,,,,,,,,,
92,30,FAILURE,1,/home/mdunlavy/GPU_FI/HeCBench/results/llvm17_inject/randomAccess/float/site92_bit30.out,/home/mdunlavy/GPU_FI/HeCBench/results/llvm17_inject/randomAccess/float/site92_bit30.err,,,,,,,,,,,,,,,
97,53,FAILURE,1,/home/mdunlavy/GPU_FI/HeCBench/results/llvm17_inject/randomAccess/float/site97_bit53.out,/home/mdunlavy/GPU_FI/HeCBench/results/llvm17_inject/randomAccess/float/site97_bit53.err,,,,,,,,,,,,,,,
103,45,FAILURE,1,/home/mdunlavy/GPU_FI/HeCBench/results/llvm17_inject/randomAccess/float/site103_bit45.out,/home/mdunlavy/GPU_FI/HeCBench/results/llvm17_inject/randomAccess/float/site103_bit45.err,,,,,,,,,,,,,,,
105,53,MASKED,0,/home/mdunlavy/GPU_FI/HeCBench/results/llvm17_inject/randomAccess/float/site105_bit53.out,/home/mdunlavy/GPU_FI/HeCBench/results/llvm17_inject/randomAccess/float/site105_bit53.err,,,,,,,,,,,,,,,
110,13,FAILURE,1,/home/mdunlavy/GPU_FI/HeCBench/results/llvm17_inject/randomAccess/float/site110_bit13.out,/home/mdunlavy/GPU_FI/HeCBench/results/llvm17_inject/randomAccess/float/site110_bit13.err,,,,,,,,,,,,,,,
112,9,FAILURE,1,/home/mdunlavy/GPU_FI/HeCBench/results/llvm17_inject/randomAccess/float/site112_bit9.out,/home/mdunlavy/GPU_FI/HeCBench/results/llvm17_inject/randomAccess/float/site112_bit9.err,,,,,,,,,,,,,,,
114,45,FAILURE,1,/home/mdunlavy/GPU_FI/HeCBench/results/llvm17_inject/randomAccess/float/site114_bit45.out,/home/mdunlavy/GPU_FI/HeCBench/results/llvm17_inject/randomAccess/float/site114_bit45.err,,,,,,,,,,,,,,,
9,26,SDC,1,/home/mdunlavy/GPU_FI/HeCBench/results/llvm17_inject/randomAccess/float/site9_bit26.out,/home/mdunlavy/GPU_FI/HeCBench/results/llvm17_inject/randomAccess/float/site9_bit26.err,,,,,,,,,,,,,118694634,29780471,536870920
13,37,SDC,1,/home/mdunlavy/GPU_FI/HeCBench/results/llvm17_inject/randomAccess/float/site13_bit37.out,/home/mdunlavy/GPU_FI/HeCBench/results/llvm17_inject/randomAccess/float/site13_bit37.err,,,,,,,,,,,,,1710800288,433986450,536870920
14,13,SDC,1,/home/mdunlavy/GPU_FI/HeCBench/results/llvm17_inject/randomAccess/float/site14_bit13.out,/home/mdunlavy/GPU_FI/HeCBench/results/llvm17_inject/randomAccess/float/site14_bit13.err,,,,,,,,,,,,,1686735112,428661439,536870920
15,21,SDC,1,/home/mdunlavy/GPU_FI/HeCBench/results/llvm17_inject/randomAccess/float/site15_bit21.out,/home/mdunlavy/GPU_FI/HeCBench/results/llvm17_inject/randomAccess/float/site15_bit21.err,,,,,,,,,,,,,1686735112,428661439,536870920
16,0,SDC,1,/home/mdunlavy/GPU_FI/HeCBench/results/llvm17_inject/randomAccess/float/site16_bit0.out,/home/mdunlavy/GPU_FI/HeCBench/results/llvm17_inject/randomAccess/float/site16_bit0.err,,,,,,,,,,,,,1685845484,427478457,536870920
17,8,SDC,1,/home/mdunlavy/GPU_FI/HeCBench/results/llvm17_inject/randomAccess/float/site17_bit8.out,/home/mdunlavy/GPU_FI/HeCBench/results/llvm17_inject/randomAccess/float/site17_bit8.err,,,,,,,,,,,,,1710864750,434003956,536870920
21,14,SDC,1,/home/mdunlavy/GPU_FI/HeCBench/results/llvm17_inject/randomAccess/float/site21_bit14.out,/home/mdunlavy/GPU_FI/HeCBench/results/llvm17_inject/randomAccess/float/site21_bit14.err,,,,,,,,,,,,,1710724490,433970794,536870920
21,54,SDC,1,/home/mdunlavy/GPU_FI/HeCBench/results/llvm17_inject/randomAccess/float/site21_bit54.out,/home/mdunlavy/GPU_FI/HeCBench/results/llvm17_inject/randomAccess/float/site21_bit54.err,,,,,,,,,,,,,1710832394,433991170,536870920
23,30,SDC,1,/home/mdunlavy/GPU_FI/HeCBench/results/llvm17_inject/randomAccess/float/site23_bit30.out,/home/mdunlavy/GPU_FI/HeCBench/results/llvm17_inject/randomAccess/float/site23_bit30.err,,,,,,,,,,,,,1710885848,433995929,536870920
24,7,SDC,1,/home/mdunlavy/GPU_FI/HeCBench/results/llvm17_inject/randomAccess/float/site24_bit7.out,/home/mdunlavy/GPU_FI/HeCBench/results/llvm17_inject/randomAccess/float/site24_bit7.err,,,,,,,,,,,,,1710798518,433990247,536870920
24,47,SDC,1,/home/mdunlavy/GPU_FI/HeCBench/results/llvm17_inject/randomAccess/float/site24_bit47.out,/home/mdunlavy/GPU_FI/HeCBench/results/llvm17_inject/randomAccess/float/site24_bit47.err,,,,,,,,,,,,,1710819024,433988158,536870920
44,26,SDC,1,/home/mdunlavy/GPU_FI/HeCBench/results/llvm17_inject/randomAccess/float/site44_bit26.out,/home/mdunlavy/GPU_FI/HeCBench/results/llvm17_inject/randomAccess/float/site44_bit26.err,,,,,,,,,,,,,1685845484,427478457,536870920
46,34,SDC,1,/home/mdunlavy/GPU_FI/HeCBench/results/llvm17_inject/randomAccess/float/site46_bit34.out,/home/mdunlavy/GPU_FI/HeCBench/results/llvm17_inject/randomAccess/float/site46_bit34.err,,,,,,,,,,,,,1710797534,433991148,536870920
48,9,SDC,1,/home/mdunlavy/GPU_FI/HeCBench/results/llvm17_inject/randomAccess/float/site48_bit9.out,/home/mdunlavy/GPU_FI/HeCBench/results/llvm17_inject/randomAccess/float/site48_bit9.err,,,,,,,,,,,,,1685845484,427478457,536870920
50,17,SDC,1,/home/mdunlavy/GPU_FI/HeCBench/results/llvm17_inject/randomAccess/float/site50_bit17.out,/home/mdunlavy/GPU_FI/HeCBench/results/llvm17_inject/randomAccess/float/site50_bit17.err,,,,,,,,,,,,,1686532444,427655473,536870920
50,57,SDC,1,/home/mdunlavy/GPU_FI/HeCBench/results/llvm17_inject/randomAccess/float/site50_bit57.out,/home/mdunlavy/GPU_FI/HeCBench/results/llvm17_inject/randomAccess/float/site50_bit57.err,,,,,,,,,,,,,1686532444,427655473,536870920
53,0,SDC,1,/home/mdunlavy/GPU_FI/HeCBench/results/llvm17_inject/randomAccess/float/site53_bit0.out,/home/mdunlavy/GPU_FI/HeCBench/results/llvm17_inject/randomAccess/float/site53_bit0.err,,,,,,,,,,,,,1704692332,432386597,536870920
54,32,SDC,1,/home/mdunlavy/GPU_FI/HeCBench/results/llvm17_inject/randomAccess/float/site54_bit32.out,/home/mdunlavy/GPU_FI/HeCBench/results/llvm17_inject/randomAccess/float/site54_bit32.err,,,,,,,,,,,,,1710740062,433970610,536870920
55,5,SDC,1,/home/mdunlavy/GPU_FI/HeCBench/results/llvm17_inject/randomAccess/float/site55_bit5.out,/home/mdunlavy/GPU_FI/HeCBench/results/llvm17_inject/randomAccess/float/site55_bit5.err,,,,,,,,,,,,,1710713068,433977620,536870920
55,44,SDC,1,/home/mdunlavy/GPU_FI/HeCBench/results/llvm17_inject/randomAccess/float/site55_bit44.out,/home/mdunlavy/GPU_FI/HeCBench/results/llvm17_inject/randomAccess/float/site55_bit44.err,,,,,,,,,,,,,1710789450,433987467,536870920
57,25,SDC,1,/home/mdunlavy/GPU_FI/HeCBench/results/llvm17_inject/randomAccess/float/site57_bit25.out,/home/mdunlavy/GPU_FI/HeCBench/results/llvm17_inject/randomAccess/float/site57_bit25.err,,,,,,,,,,,,,1685845484,427478457,536870920
59,1,SDC,1,/home/mdunlavy/GPU_FI/HeCBench/results/llvm17_inject/randomAccess/float/site59_bit1.out,/home/mdunlavy/GPU_FI/HeCBench/results/llvm17_inject/randomAccess/float/site59_bit1.err,,,,,,,,,,,,,1710756584,433980968,536870920
59,38,SDC,1,/home/mdunlavy/GPU_FI/HeCBench/results/llvm17_inject/randomAccess/float/site59_bit38.out,/home/mdunlavy/GPU_FI/HeCBench/results/llvm17_inject/randomAccess/float/site59_bit38.err,,,,,,,,,,,,,1710759790,433982312,536870920
60,14,SDC,1,/home/mdunlavy/GPU_FI/HeCBench/results/llvm17_inject/randomAccess/float/site60_bit14.out,/home/mdunlavy/GPU_FI/HeCBench/results/llvm17_inject/randomAccess/float/site60_bit14.err,,,,,,,,,,,,,1685091086,427278594,536870920
63,22,SDC,1,/home/mdunlavy/GPU_FI/HeCBench/results/llvm17_inject/randomAccess/float/site63_bit22.out,/home/mdunlavy/GPU_FI/HeCBench/results/llvm17_inject/randomAccess/float/site63_bit22.err,,,,,,,,,,,,,1685138526,427292590,536870920
64,29,SDC,1,/home/mdunlavy/GPU_FI/HeCBench/results/llvm17_inject/randomAccess/float/site64_bit29.out,/home/mdunlavy/GPU_FI/HeCBench/results/llvm17_inject/randomAccess/float/site64_bit29.err,,,,,,,,,,,,,1685138526,427292590,536870920
66,38,SDC,1,/home/mdunlavy/GPU_FI/HeCBench/results/llvm17_inject/randomAccess/float/site66_bit38.out,/home/mdunlavy/GPU_FI/HeCBench/results/llvm17_inject/randomAccess/float/site66_bit38.err,,,,,,,,,,,,,1685091100,427278599,536870920
68,13,SDC,1,/home/mdunlavy/GPU_FI/HeCBench/results/llvm17_inject/randomAccess/float/site68_bit13.out,/home/mdunlavy/GPU_FI/HeCBench/results/llvm17_inject/randomAccess/float/site68_bit13.err,,,,,,,,,,,,,1710546168,433924606,536870920
68,59,SDC,1,/home/mdunlavy/GPU_FI/HeCBench/results/llvm17_inject/randomAccess/float/site68_bit59.out,/home/mdunlavy/GPU_FI/HeCBench/results/llvm17_inject/randomAccess/float/site68_bit59.err,,,,,,,,,,,,,1710551544,433925673,536870920
69,35,SDC,1,/home/mdunlavy/GPU_FI/HeCBench/results/llvm17_inject/randomAccess/float/site69_bit35.out,/home/mdunlavy/GPU_FI/HeCBench/results/llvm17_inject/randomAccess/float/site69_bit35.err,,,,,,,,,,,,,1710478924,433903316,536870920
73,7,SDC,1,/home/mdunlavy/GPU_FI/HeCBench/results/llvm17_inject/randomAccess/float/site73_bit7.out,/home/mdunlavy/GPU_FI/HeCBench/results/llvm17_inject/randomAccess/float/site73_bit7.err,,,,,,,,,,,,,1710221696,433847273,536870920
73,44,SDC,1,/home/mdunlavy/GPU_FI/HeCBench/results/llvm17_inject/randomAccess/float/site73_bit44.out,/home/mdunlavy/GPU_FI/HeCBench/results/llvm17_inject/randomAccess/float/site73_bit44.err,,,,,,,,,,,,,1710545788,433926536,536870920
75,20,SDC,1,/home/mdunlavy/GPU_FI/HeCBench/results/llvm17_inject/randomAccess/float/site75_bit20.out,/home/mdunlavy/GPU_FI/HeCBench/results/llvm17_inject/randomAccess/float/site75_bit20.err,,,,,,,,,,,,,1710803190,433986750,536870920
75,59,SDC,1,/home/mdunlavy/GPU_FI/HeCBench/results/llvm17_inject/randomAccess/float/site75_bit59.out,/home/mdunlavy/GPU_FI/HeCBench/results/llvm17_inject/randomAccess/float/site75_bit59.err,,,,,,,,,,,,,1710912646,433998292,536870920
76,38,SDC,1,/home/mdunlavy/GPU_FI/HeCBench/results/llvm17_inject/randomAccess/float/site76_bit38.out,/home/mdunlavy/GPU_FI/HeCBench/results/llvm17_inject/randomAccess/float/site76_bit38.err,,,,,,,,,,,,,1710884910,433995016,536870920
80,21,SDC,1,/home/mdunlavy/GPU_FI/HeCBench/results/llvm17_inject/randomAccess/float/site80_bit21.out,/home/mdunlavy/GPU_FI/HeCBench/results/llvm17_inject/randomAccess/float/site80_bit21.err,,,,,,,,,,,,,22020096,6209536,536870920
83,38,SDC,1,/home/mdunlavy/GPU_FI/HeCBench/results/llvm17_inject/randomAccess/float/site83_bit38.out,/home/mdunlavy/GPU_FI/HeCBench/results/llvm17_inject/randomAccess/float/site83_bit38.err,,,,,,,,,,,,,872415232,250871808,536870920
87,13,SDC,1,/home/mdunlavy/GPU_FI/HeCBench/results/llvm17_inject/randomAccess/float/site87_bit13.out,/home/mdunlavy/GPU_FI/HeCBench/results/llvm17_inject/randomAccess/float/site87_bit13.err,,,,,,,,,,,,,67108864,67108864,536870920
89,28,SDC,1,/home/mdunlavy/GPU_FI/HeCBench/results/llvm17_inject/randomAccess/float/site89_bit28.out,/home/mdunlavy/GPU_FI/HeCBench/results/llvm17_inject/randomAccess/float/site89_bit28.err,,,,,,,,,,,,,1686735112,428661439,536870920
89,52,SDC,1,/home/mdunlavy/GPU_FI/HeCBench/results/llvm17_inject/randomAccess/float/site89_bit52.out,/home/mdunlavy/GPU_FI/HeCBench/results/llvm17_inject/randomAccess/float/site89_bit52.err,,,,,,,,,,,,,1686735112,428661439,536870920
91,22,SDC,1,/home/mdunlavy/GPU_FI/HeCBench/results/llvm17_inject/randomAccess/float/site91_bit22.out,/home/mdunlavy/GPU_FI/HeCBench/results/llvm17_inject/randomAccess/float/site91_bit22.err,,,,,,,,,,,,,738502870,185123278,536870920
92,19,SDC,1,/home/mdunlavy/GPU_FI/HeCBench/results/llvm17_inject/randomAccess/float/site92_bit19.out,/home/mdunlavy/GPU_FI/HeCBench/results/llvm17_inject/randomAccess/float/site92_bit19.err,,,,,,,,,,,,,31784144,7979314,536870920
92,51,SDC,1,/home/mdunlavy/GPU_FI/HeCBench/results/llvm17_inject/randomAccess/float/site92_bit51.out,/home/mdunlavy/GPU_FI/HeCBench/results/llvm17_inject/randomAccess/float/site92_bit51.err,,,,,,,,,,,,,1710754348,433986819,536870920
93,39,SDC,1,/home/mdunlavy/GPU_FI/HeCBench/results/llvm17_inject/randomAccess/float/site93_bit39.out,/home/mdunlavy/GPU_FI/HeCBench/results/llvm17_inject/randomAccess/float/site93_bit39.err,,,,,,,,,,,,,1710754776,433979567,536870920
94,23,SDC,1,/home/mdunlavy/GPU_FI/HeCBench/results/llvm17_inject/randomAccess/float/site94_bit23.out,/home/mdunlavy/GPU_FI/HeCBench/results/llvm17_inject/randomAccess/float/site94_bit23.err,,,,,,,,,,,,,1710889996,434007547,536870920
96,59,SDC,1,/home/mdunlavy/GPU_FI/HeCBench/results/llvm17_inject/randomAccess/float/site96_bit59.out,/home/mdunlavy/GPU_FI/HeCBench/results/llvm17_inject/randomAccess/float/site96_bit59.err,,,,,,,,,,,,,1710743960,433970662,536870920
97,36,SDC,1,/home/mdunlavy/GPU_FI/HeCBench/results/llvm17_inject/randomAccess/float/site97_bit36.out,/home/mdunlavy/GPU_FI/HeCBench/results/llvm17_inject/randomAccess/float/site97_bit36.err,,,,,,,,,,,,,1710754850,433982300,536870920
98,32,SDC,1,/home/mdunlavy/GPU_FI/HeCBench/results/llvm17_inject/randomAccess/float/site98_bit32.out,/home/mdunlavy/GPU_FI/HeCBench/results/llvm17_inject/randomAccess/float/site98_bit32.err,,,,,,,,,,,,,1686500928,427652264,536870920
103,16,SDC,1,/home/mdunlavy/GPU_FI/HeCBench/results/llvm17_inject/randomAccess/float/site103_bit16.out,/home/mdunlavy/GPU_FI/HeCBench/results/llvm17_inject/randomAccess/float/site103_bit16.err,,,,,,,,,,,,,1710942734,434009258,536870920
103,48,SDC,1,/home/mdunlavy/GPU_FI/HeCBench/results/llvm17_inject/randomAccess/float/site103_bit48.out,/home/mdunlavy/GPU_FI/HeCBench/results/llvm17_inject/randomAccess/float/site103_bit48.err,,,,,,,,,,,,,1710829038,434003418,536870920
104,23,SDC,1,/home/mdunlavy/GPU_FI/HeCBench/results/llvm17_inject/randomAccess/float/site104_bit23.out,/home/mdunlavy/GPU_FI/HeCBench/results/llvm17_inject/randomAccess/float/site104_bit23.err,,,,,,,,,,,,,1710692510,433967831,536870920
104,62,SDC,1,/home/mdunlavy/GPU_FI/HeCBench/results/llvm17_inject/randomAccess/float/site104_bit62.out,/home/mdunlavy/GPU_FI/HeCBench/results/llvm17_inject/randomAccess/float/site104_bit62.err,,,,,,,,,,,,,1710849434,433995505,536870920
110,4,SDC,1,/home/mdunlavy/GPU_FI/HeCBench/results/llvm17_inject/randomAccess/float/site110_bit4.out,/home/mdunlavy/GPU_FI/HeCBench/results/llvm17_inject/randomAccess/float/site110_bit4.err,,,,,,,,,,,,,1727421344,450728282,536870920
111,16,SDC,1,/home/mdunlavy/GPU_FI/HeCBench/results/llvm17_inject/randomAccess/float/site111_bit16.out,/home/mdunlavy/GPU_FI/HeCBench/results/llvm17_inject/randomAccess/float/site111_bit16.err,,,,,,,,,,,,,1686735112,428661439,536870920
112,18,SDC,1,/home/mdunlavy/GPU_FI/HeCBench/results/llvm17_inject/randomAccess/float/site112_bit18.out,/home/mdunlavy/GPU_FI/HeCBench/results/llvm17_inject/randomAccess/float/site112_bit18.err,,,,,,,,,,,,,1703203820,427756862,536870920
113,13,SDC,1,/home/mdunlavy/GPU_FI/HeCBench/results/llvm17_inject/randomAccess/float/site113_bit13.out,/home/mdunlavy/GPU_FI/HeCBench/results/llvm17_inject/randomAccess/float/site113_bit13.err,,,,,,,,,,,,,1727661444,450764292,536870920
113,51,SDC,1,/home/mdunlavy/GPU_FI/HeCBench/results/llvm17_inject/randomAccess/float/site113_bit51.out,/home/mdunlavy/GPU_FI/HeCBench/results/llvm17_inject/randomAccess/float/site113_bit51.err,,,,,,,,,,,,,1686735112,428661439,536870920
114,29,SDC,1,/home/mdunlavy/GPU_FI/HeCBench/results/llvm17_inject/randomAccess/float/site114_bit29.out,/home/mdunlavy/GPU_FI/HeCBench/results/llvm17_inject/randomAccess/float/site114_bit29.err,,,,,,,,,,,,,33546022,33546022,536870920
116,26,SDC,1,/home/mdunlavy/GPU_FI/HeCBench/results/llvm17_inject/randomAccess/float/site116_bit26.out,/home/mdunlavy/GPU_FI/HeCBench/results/llvm17_inject/randomAccess/float/site116_bit26.err,,,,,,,,,,,,,1686500766,427652234,536870920
118,7,SDC,1,/home/mdunlavy/GPU_FI/HeCBench/results/llvm17_inject/randomAccess/float/site118_bit7.out,/home/mdunlavy/GPU_FI/HeCBench/results/llvm17_inject/randomAccess/float/site118_bit7.err,,,,,,,,,,,,,33546022,33546022,536870920
